1 -1.72297e-85 1.99429e-39
2 2.31877e-61 4.81537e-31
3 1.207e-70 7.76852e-36
4 2.05115e-53 2.6148e-27
5 6.26989e-57 3.95913e-29
6 1.51969e-55 2.42384e-28
7 8.12309e-56 1.70039e-28
8 1.24828e-71 1.34232e-36
9 7.87737e-48 9.92426e-25
10 3.11296e-43 1.94347e-22
1 -5.23781e-76 2.91473e-35
2 9.71416e-81 9.85616e-41
3 2.29711e-70 1.07171e-35
4 2.60168e-58 9.3125e-30
5 8.35839e-50 1.44555e-25
6 5.94453e-53 3.44805e-27
7 9.43834e-59 3.96626e-30
8 1.91063e-38 5.22443e-20
9 1.48499e-47 1.36244e-24
10 2.09729e-59 2.08414e-30
